940343540055531520
940458500710391809
940508824720560128
940822424077074432
940823916423106563
940824030927642624
940947541369282561
940947560797261826
940947583861776384
940947639197229059
940947678858502150
940947679282069505
940947773146451969
940947789261017088
940947796890398720
940947818348531712
940947830000291840
940947849436639232
940947898560368640
940947953551925249
940947967757963264
940948020144820224
940948045319024647
940948102466428928
940948119197507584
940948120569106433
940948189712125952
940948202106343424
940948217201659914
940948306489937920
940948327700590592
940948341558562816
940948368490205184
940948397657337856
940948398198476801
940948418284965888
940948444759326720
940948486484381696
940948497662205952
940948505807478784
940948507598483457
940948513998950400
940948582286454784
940948585537040385
940948594999296000
940948631892516865
940948653081890816
940948660397002754
940948662766710784
940948673382486016
940948740646539269
940948750641651713
940948763065143296
940948765502070790
940948775606149121
940948781562040320
940948800029544448
940948864990875649
940948877917683712
940948907076538370
940948949153828866
940948954996494336
940949007689543681
940949009505640448
940949016103260160
940949016610787328
940949024148000769
940949031827668992
940949032926695424
940949039843078145
940949045744427010
940949073615556608
940949096596213760
940949172806615040
940949268780732416
940949303069216769
940949315719254016
940949329602318337
940949331078799361
940949333322674176
940949396732235776
940949425228271616
940949433780527105
940949444303998976
940949452705140736
940949453963513856
940949454865170432
940949469000032257
940949534095630337
940949548767350785
940949580782370816
940949644670128128
940949662126821378
940949668661428224
940949675447865345
940949681605095424
940949696469786630
940949708880666624
940949820130430976
940949828791689216
940949851369590786
940949861268156417
940949868264112128
940949883011457024
940949892557606912
940949896990986240
940949897288847360
940949901894148096
940949907233492992
940949918239338497
940949942356643840
940949958311731201
940949963609165825
940949977748164619
940949985197285376
940950066398941184
940950066449272832
940950094664425472
940950126520094720
940950159604756480
940950228022235142
940950235509067777
940950236691869696
940950239292416000
940950248884760577
940950261517787136
940950266068783104
940950320917745665
940950342136672257
940950350558740480
940950360692211713
940950365041758208
940950374281830401
940950394984857600
940950407848845312
940950452207747073
940950524429504512
940950530213531649
940950540560797696
940950549809303553
940950554628513792
940950604091985920
940950615890513920
940950626699218946
940950663281995777
940950703610187776
940950706021945345
940950746572427265
940950754436804609
940950762221461505
940950800158871552
940950868790333440
940950910557085696
940950929783840769
940950943969042433
940951015418974208
940951015628726272
940951019143487493
940951026764533765
940951067902267392
940951070578298880
940951070846545920
940951083849003010
940951119781679104
940951125326483456
940951127872372738
940951137074769921
940951137871646720
940951140191096835
940951147166216195
940951168095866883
940951180439707649
940951189449068545
940951210080784384
940951299834679296
940951302456201216
940951330591473665
940951368000524288
940951370269691904
940951412334264320
940951436682317824
940951473353093120
940951483574620160
940951564432433152
940951621701390336
940951626734604289
940951743663431680
940951785656733696
940951845937274880
940951850781683712
940951880108249092
940951894779924485
940951920264531968
940951925562007553
940951936995676161
940951953542172673
940952004188409857
940952005798965248
940952019669540864
940952024136470528
940952036677480449
940952079740407808
940952089014013952
940952100099559425
940952127509356545
940952192428793856
940952197399015424
940952200595038209
940952216474734593
940952263497011202
940952267464806400
940952281490579457
940952301627375617
940952323051917313
940952346271592450
940952376852271104
940952397207269377
940952397521842176
940952407508422657
940952477217755137
940952492699017217
940952553424121867
940952560881553413
940952572625645568
940952578430586883
940952590128435202
940952638190956544
940952653970001920
940952658906632193
940952674375274497
940952735758848000
940952746504704000
940952756474601472
940952758835871745
940952804423864320
940952825756094464
940952869833932801
940952871746658306
940952873378242560
940952895570276354
940952905116471296
940952957167853569
940952959264940033
940952959621484544
940953027422380034
940953048746287104
940953060800679941
940953101007192064
940953103075102722
940953103905509377
940953118807871488
940953157684916225
940953170561335297
940953176483786754
940953179243601920
940953194133417984
940953211027980288
940953218913390597
940953220213624833
940953233081753601
940953235770273793
940953274584313857
940953279919468546
940953337524097024
940953348043431936
940953368457072640
940953384970063873
940953434328625153
940953450187313161
940953514200707073
940953516344053766
940953522442506242
940953525856686080
940953534874472449
940953543061704705
940953543921602562
940953553006448641
940953553207746561
940953554172416001
940953568927977473
940953574724468738
940953594437791744
940953625827913728
940953630391365639
940953714025795584
940953721583931397
940953778324467714
940953806485024768
940953840605716481
940953873845547008
940953889779732480
940953898642296832
940953908175884289
940953925787766784
940954015369695233
940954022055378944
940954025343815680
940954032176287744
940954037247148032
940954043769413633
940954046067871744
940954064095006720
940954082017193985
940954089487290369
940954093757059078
940954134781538304
940954169036410880
940954206160211968
940954248380022784
940954276918161410
940954295352156161
940954303380054016
940954347533488128
940954363027128322
940954367250886656
940954377942196224
940954380244791298
940954380450361344
940954409575600129
940954414298419206
940954435538378752
940954444895784961
940954453997424640
940954454194556928
940954461501116416
940954465833750528
940954475715579904
940954478710284288
940954487572791296
940954489535844352
940954501523091457
940954503804784647
940954504060702720
940954514382827520
940954518564540416
940954556116230144
940954609157378048
940954696948346881
940954705626324993
940954706905587717
940954746772443140
940954806784491521
940954821376528386
940954842733916160
940954903949791233
940954917761699840
940954957435502598
940954971440406528
940954973285879809
940954979514441733
940954999269593089
940955017028276224
940955028738793473
940955083373711360
940955089157656576
940955114323566593
940955136427511810
940955162528636929
940955197412700164
940955199958642688
940955231235592193
940955242375598080
940955258406227970
940955262843748352
940955269319790592
940955284868075520
940955292468117504
940955293445275648
940955301951492098
940955311623626753
940955334193090562
940955343689015296
940955345454813189
940955382561869824
940955408214224898
940955410814701569
940955422021836800
940955444671107078
940955488010764288
940955489847922692
940955534496321541
940955638594760705
940955742852575232
940955760825073664
940955765451436032
940955766680358913
940955776985821184
940955780232118274
940955844799234048
940955854479790080
940955887052705793
940955894006861824
940955925237596160
940955929033564160
940955950122455040
940955954228678656
940955980334096389
940955992841482240
940956011510329345
940956014639280133
940956078589775873
940956145572892673
940956176342274049
940956208202223617
940956212199337984
940956265282498561
940956320060067840
940956365421457408
940956400267743232
940956444547051521
940956468601393153
940956517309788161
940956542530195456
940956570690707456
940956591276331009
940956620120576000
940956632980381697
940956687862763520
940956690677207040
940956696775659520
940956739364679680
940956758826201088
940956777272741889
940956831010230273
940956874186416129
940956884873502721
940956958961684481
940956970282045445
940957022278778881
940957045867601921
940957056198217728
940957111202275329
940957162708328448
940957170199420928
940957178269192192
940957253024272384
940957268555829248
940957320091140096
940957336717406210
940957341092139009
940957397559992320
940957398612824064
940957483752976385
940957548223574016
940957563486638080
940957573179637760
940957636656320513
940957653672620032
940957666742071296
940957706634125317
940957716733939713
940957725265154048
940957732244422661
940957738397519872
940957766507786241
940957778037952512
940957870358716416
940957924519743490
940958004140298240
940958014831546368
940958018438561793
940958065846833152
940958075711840256
940958134876729344
940958154904530945
940958202824478720
940958203935887361
940958221010919424
940958230603292672
940958232100704257
940958239566565376
940958250102591495
940958255039287296
940958260416393218
940958294574759936
940958296713977857
940958301424144385
940958306448879617
940958330847137793
940958345732743168
940958347448258561
940958380499374080
940958387969363969
940958412891983874
940958419703484416
940958448463892480
940958455959097345
940958456017752066
940958456017768449
940958456017833984
940958456068169728
940958456126767105
940958456152027136
940958456156221441
940958456160407552
940958456168812544
940958456172998656
940958456223338496
940958456487596032
940958462179205121
940958478981529600
940958484878598145
940958488154517504
940958495653974017
940958518525546498
940958524821200896
940958552323182592
940958560959303680
940958569725419525
940958573923831808
940958579854540801
940958604257046530
940958638335766528
940958639266914306
940958655624687617
940958659789705218
940958672989147136
940958691221794816
940958692467494912
940958710230343680
940958719780716550
940958727481577472
940958739284221953
940958748461490176
940958750462136321
940958786763845633
940958797304139776
940958816493101057
940958856057942019
940958859874783232
940958873279782913
940959015231778816
940959016863268865
940959020860485633
940959088594292736
940959142763745280
940959159834632192
940959192688545792
940959222803689473
940959226763141121
940959245520003072
940959281700134912
940959284828844033
940959304445841411
940959328097525761
940959330400112642
940959338331549696
940959341829640192
940959343561887745
940959353753960449
940959365674266625
940959483848744960
940959504417611776
940959505088729088
940959507613732865
940959539947548672
940959546004131840
940959585229254657
940959650945687553
940959676954566657
940959724236918785
940959730842955777
940959744407359488
940959754855305216
940959774505611264
940959793992302592
940959822505238529
940959846274387969
940959856676233217
940959871117201409
940959882450296832
940959901152694274
940959910778605568
940959913278402560
940959944735645696
940959944978960385
940959961873608704
940959974049624064
940960060825657346
940960085282615296
940960086599655425
940960110750457856
940960154081726466
940960207517241345
940960220687237120
940960220775436289
940960244926119937
940960317772791809
940960342099849216
940960356645720064
940960390896390144
940960417832144896
940960431442718720
940960438627586048
940960447443980288
940960450493206533
940960472010027008
940960478267879424
940960494806011905
940960531384586240
940960543795548161
940960550258905089
940960573046403073
940960616315006978
940960680739516423
940960699848822785
940960779184037893
940960798305931264
940960802802225152
940960802986713088
940960809374674944
940960824478371841
940960906510524416
940960937762263040
940960962252812288
940960970633023488
940961014761381888
940961073557049346
940961076996435968
940961092410408960
940961103529611264
940961130477969409
940961154595217408
940961187365302274
940961203932844034
940961277836439553
940961295720943616
940961369465212928
940961388154851329
940961482925322240
940961504718999552
940961515733241857
940961543969214466
940961547152740354
940961551477100544
940961586751131648
940961639473582085
940961641713291264
940961643047112704
940961648495546373
940961676333109254
940961713012330496
940961713163264000
940961752908468224
940961793421266945
940961811234476034
940961834974183424
940961864858718209
940961879131815936
940961881551982592
940961954960740352
940961955652698113
940961958022602752
940961978075447297
940961985088323584
940962084371738624
940962091275636736
940962110477017088
940962111806689285
940962268161937408
940962338894696448
940962355718033408
940962461817110529
940962470662983680
940962494100705282
940962645032820737
940962647620702213
940962656147722240
940962668952813568
940964865484652547
940964927648477184
940964981767593984
940965009437405184
940965020195868673
940965024914386944
940965041343483904
940965055134339074
940965074432413696
940965093365506048
940965122754965504
940965220704489472
940965268632866816
940965328179351552
940965329462849536
940965366955692032
940965378930479104
940965380733964288
940965392889065472
940965404570157056
940965482848571392
940965536409759744
940965558245318661
940965710972547074
940965723798720512
940965739376332801
940965751795736577
940965804744507392
940965861346684928
940965912387178499
940965948818935808
940965973514948608
940965993253351426
940966019073527809
940966035896889345
940966051797458944
940966054980972544
940966086543118337
940966099725815808
940966103278333952
940966124631547904
940966132466450432
940966145070325761
940966152288817157
940966159792398337
940966198539444224
940966218281963520
940966296249921536
940966340181024768
940966420292259840
940966440915619840
940966448066977792
940966490207121408
940966544196145152
940966554790977537
940966601263808512
940966692120866816
940966709091061761
940966713956413442
940966726493229056
940966768234958848
940966777428893697
940966826774802432
940966833586343936
940966860769714176
940966873851744256
940966970056413184
940967005557022721
940967022212603905
940967061907533824
940967083923460097
940967129616175104
940967143201439746
940967154060595200
940967162801467393
940967164827373568
940967168564453376
940967170313457667
940967178471342081
940967186541305857
940967194564931585
940967220271898625
940967230963056641
940967280120336386
940967281340936199
940967290702581760
940967294892740608
940967317458116608
940967335812304909
940967380720726016
940967459674312706
940967461373071360
940967486308143104
940967524090355712
940967576691249152
940967586489098240
940967595485868032
940967673021726720
940967722392932352
940967729909071872
940967775404744705
940967776897896449
940967791670251521
940967796820922368
940967800637665280
940967854291279872
940967854786084870
940967876562956289
940967882401382400
940967917373546496
940967956309336064
940967998407536642
940968008461291521
940968036605026306
940968043563364352
940968105488080896
940968131132035073
940968132113522688
940968158357344256
940968178406043650
940968200740712448
940968202170982400
940968235280883714
940968309683572736
940968310245601280
940968330701230080
940968334639751170
940968348136992768
940968367430750208
940968451362971649
940968483759820800
940968488310575116
940968501522698240
940968551959101440
940968615221907456
940968620196270080
940968685589749760
940968733719318529
940968733773877249
940968746759479296
940968749166931969
940968753411575808
940968764958560258
940968793760821248
940968799054041089
940968802828857344
940968823447896064
940968824886751235
940968836395872256
940968854045560833
940968859753906176
940968886073217025
940968895845945346
940968954541068288
940968991547371521
940969006978207746
940969016381886464
940969019905110019
940969045901406208
940969110741032960
940969118626435072
940969132064985090
940969142663962624
940969146422001664
940969160531726336
940969257340465154
940969258946883584
940969266295267328
940969282502037505
940969290207031297
940969315435732995
940969315490258944
940969345718587392
940969408322732032
940969436634386438
940969498768740353
940969509862621184
940969532579106816
940969536899207168
940969538262388737
940969570906537985
940969627382841344
940969643275153409
940969649671467009
940969652766887937
940969655983853568
940969670630354945
940969696207269888
940969723893895168
940969744991211524
940969802184708098
940969837492391943
940970005818150912
940970035639734273
940970091390390273
940970103625125889
940970117982314496
940970135657041921
940970147367522304
940970238111289345
940970239197634561
940970244415385600
940970245291954176
940970247162662912
940970325050908674
940970326405668864
940970327840100352
940970357737082880
940970369074257922
940970466512113670
940970474540068865
940970499999457280
940970507670781957
940970561752190977
940970569943707648
940970615388950529
940970620438876161
940970647605469184
940970652181385216
940970657218727936
940970680065159170
940970863133896705
940970868074786818
940970869765103616
940970869979000833
940970891739004929
940970894154960896
940970900542967809
940970901255938054
940970932356681728
940970942209101826
940970949469523968
940970968406745088
940970989063680000
940970990057803776
940971011561934850
940971014086897665
940971056562626561
940971070139568128
940971081405485056
940971088577748995
940971090242953216
940971120639045632
940971124170678277
940971131867197440
940971149084815360
940971159260155905
940971171985620999
940971181976576000
940971219029053440
940971237005651968
940971276809768960
940971285533913088
940971301468016642
940971337518145537
940971348356149250
940971400906575872
940971406875136000
940971542808350720
940971553633816578
940971563804962816
940971593819451392
940971594796666880
940971617752109057
940971635179474946
940971643530305536
940971645723955200
940971655844761601
940971690649161729
940971693861953541
940971717257826305
940971781887848448
940971808303566848
940971873147473921
940971885961142272
940971910921375744
940971920408891392
940971937710395392
940971951870398464
940972019419578369
940972026084446208
940972058267308032
940972065120714752
940972113556594690
940972149954801666
940972216086355973
940972219814912000
940972224172974080
940972225498402816
940972258092347392
940972267122647040
940972295392301068
940972331480027136
940972331610013696
940972331802996742
940972332469891072
940972348064354304
940972358206218240
940972396672114689
940972411087933440
940972444957003776
940972620169785345
940972641636282369
940972643079086081
940972647202152448
940972650272313344
940972660003131394
940972777699532800
940972872348192773
940972885870628865
940972895110684672
940972919429021696
940972925812867072
940972942757900288
940972947703033858
940972968754188289
940972969983139840
940972980661825536
940973005978652674
940973010143600641
940973031001911297
940973042141974529
940973144042590209
940973156877074432
940973193078112259
940973290646069248
940973302062944256
940973369138270209
940973376532828160
940973380622274560
940973400876560384
940973439380283392
940973450499444745
940973456405028864
940973457407463425
940973458783178757
940973467243044864
940973481092624385
940973494640058374
940973495244161024
940973497454559233
940973504400384009
940973515066535936
940973517008355328
940973569726734337
940973604627468288
940973648688578560
940973704284164101
940973721191436288
940973747862949888
940973776812019712
940973791399829509
940973830109040640
940973873163636737
940973874644217856
940973890775416832
940973952586932224
940973990826381312
940974023177097216
940974035906809856
940974052130344960
940974057155170304
940974092529827842
940974113748934661
940974171697410048
940974237619245057
940974247287181313
940974285736247296
940974290471710725
940974327750635521
940974380506603525
940974431303864321
940974439440769024
940974448433422337
940974458327781377
940974465533562880
940974465932021763
940974480612036609
940974489403314176
940974489445240833
940974498525995008
940974538988322817
940974608613888002
940974624103309312
940974662992920576
940974674317594624
940974687810654208
940977055419850752
940977066874466306
940977127280824322
940977183362871296
940977194431647744
940977216166465543
940977218481786882
940977357388689408
940977365349490691
940977379182301184
940977380050571264
940977392704770048
940977408273940481
940977421385420801
940977425323823109
940977427102265344
940977444537774080
940977490687938560
940977491535122432
940977497033904128
940977500963950593
940977537747902464
940977551928782848
940977556727181312
940977566743257095
940977568622182400
940977622229618688
940977694023540737
940977694371713024
940977740009877504
940977750709604354
940977767314870273
940977773933408256
940977806980403200
940977819382841345
940977873917054976
940977881232093185
940977881802424320
940977882775609344
940977924123045888
940977924303458304
940977932419325953
940977948131082240
940977956276412416
940977965067677696
940977965160194048
940978083955380224
940978101114363905
940978105916837889
940978187684728832
940978193569378304
940978198153695232
940978215560138753
940978226783907840
940978236778934272
940978265174392833
940978292148011009
940978294203322368
940978299634946050
940978336746139648
940978433433235457
940978514827857925
940978524101505031
940978534847336454
940978540559978497
940978544066355200
940978550122909697
940978555839827968
940978560680030208
940978563695640577
940978566031990784
940978571534917635
940978672898662401
940978691634540544
940978724752773120
940978728347324418
940978819573473280
940978892193615879
940978919611752450
940978945410916352
940978954571337730
940978971528912896
940979014268805120
940979019885039617
940979031247347712
940979055159017472
940979136943845381
940979161493114880
940979210583248896
940979231386947584
940979240580931584
940979254724124672
940979306213335041
940979336483500032
940979349238505472
940979358742859779
940979359191633922
940979370776285184
940979471401791488
940979493287710721
940979517241389056
940979528465305602
940979554046431237
940979625345323009
940979751187034112
940979777917325312
940979784905035777
940979794833002496
940979802793742336
940979818518204417
940979823069073409
940979833709977601
940979838160179201
940979844606758912
940979858771009537
940979881743089664
940980003403108352
940980104594935808
940980169287880704
940980210425565184
940980213072252928
940980238401654789
940980238435127297
940980294714261504
940980315979440129
940980438029479937
940980448624283648
940980459420430336
940980467075112962
940980483353206785
940980483512561665
940980491565576192
940980494237360128
940980510066728960
940980519466094592
940980529238855681
940980532917211136
940980552324313088
940980570359828480
940980599824764928
940980721870622721
940980740061319169
940980757702602753
940980761783652353
940980772940537856
940980777491320832
940980811142086656
940980853357891586
940980888749379584
940980897830105089
940980949113888768
940980972773953536
940980983419080704
940980996073193472
940980996287102976
940981059159838721
940981069708431361
940981100091932673
940981121176801280
940981129020104704
940981146594226176
940981158040530945
940981187501314050
940981218732072961
940981220279771142
940981235135819776
940981243398754306
940981251166654464
940981265838329856
940981268254285829
940981269684543489
940981309861715970
940981322633400321
940981341545533440
940981343256707072
940981545451577345
940981601692987393
940981613969707008
940981732936953857
940981770807382018
940981791615279104
940981792085028864
940981804613369856
940981817880039425
940981825438183424
940981829846355968
940981834510487558
940981854466904070
940981861706293248
940981883831074817
940981886125592576
940981893087891456
940981921634488327
940981926516744193
940981952965988353
940981953016320001
940982050303234048
940982063439712257
940982100722888710
940982110638178304
940982139826397186
940982141348925440
940982208193552385
940982263721930752
940982277710012416
940982285205147649
940982307313324033
940982320500273152
940982343447273472
940982381992972288
940982387709743104
940982399248236545
940982399625826304
940982526142803968
940982553036689409
940982555121242112
940982561831972864
940982612943708162
940982667444719622
940982706950803457
940982753553764352
940982774256857088
940982822692585472
940982825985114117
940982833727922176
940982871640231936
940982955870228480
940983007619502080
940983038372171776
940983051722428416
940983061344161797
940983116986048512
940983146148958208
940983146715209728
940983150989234182
940983178784919554
940983181360197636
940983183352274944
940983190923210752
940983199043346433
940983208174391297
940983214151274496
940983219477983232
940983287551545345
940983339162505218
940983377053790218
940983397870170112
940983407114321922
940983440358428672
940983443323867137
940983448755408896
940983453725622279
940983460407201793
940983464987373568
940983470175801344
940983479432597505
940983481194172416
940983500437536769
940983533794979842
940983550249234432
940983617479696384
940983621166477313
940983671716184064
940983757032640512
940983778456977408
940983809683656704
940983832832102400
940983912456773639
940983916739092482
940983931855306753
940983949333073920
940983955637067776
940983969889357825
940983997609447425
940984034347413505
940984060469530624
940984087019491328
940984087900237824
940984193198313472
940984258109280258
940984281257701376
940984284051013633
940984325826281475
940984330125565953
940984374773760000
940984375587598336
940984397444108290
940984438548246531
940984468004921344
940984537206673408
940984632094478337
940984658749263872
940984663912452096
940984684393181190
940984722867531777
940984729075093505
940984774654558209
940984805075947520
940984805730258945
940984818589937664
940984832334745601
940984842136834048
940984844506550274
940984850978361344
940984977092743168
940985011813126144
940985013629341697
940985019241238528
940985022693113856
940985035959754752
940985051201921025
940985060559413250
940985085620310017
940985103840194560
940985112438681600
940985118478491649
940985190008139778
940985243049349121
940985267267211264
940985320480362497
940985323407917058
940985334673936390
940985336435560449
940985349483966464
940985430929039360
940985450927411201
940985471525621761
940985498297872387
940985515293200385
940985519365816321
940985540488368129
940985565238956034
940985615172038656
940985619269816320
940985655215222785
940985682910203904
940985712685600768
940985716745662464
940985717412564992
940985718377238529
940985721271316480
940985750077755398
940985752174948353
940985752187482114
940985753743523840
940985792612016128
940985837080244225
940985884752646146
940985904893751296
940985981905367044
940986014415323137
940986031536455685
940986054680727552
940986070803664896
940986083470446592
940986102239973377
940986120350961665
940986123114962946
940986127988744192
940986129721020416
940986140710010880
940986150168285184
940986158305169408
940986160175833089
940986168266690562
940986169336193026
940986171949121536
940986176009273344
940986185001918465
940986193453502464
940986201959489542
940986230107463681
940986246008115200
940986246637281286
940986253641682945
940986262269423616
940986269424869377
940986278127992834
940986288915779584
940986296499044352
940986300877897733
940986316703006720
940986320016592896
940986347170476032
940986387825905666
940986389084155904
940986437364781059
940986466238435328
940986477755985920
940986496554762240
940986497599180802
940986601521287168
940986609922641921
940986611587829760
940986650682908673
940986663387521027
940986671805411328
940986676431769600
940986724771074049
940986790718197760
940986815036653570
940986816559308801
940986819889582080
940986862839193600
940986944661737472
940986953431994370
940986956212854784
940986957932490752
940986970561548288
940986974927818752
940987027889238016
940987073858801665
940987077751078913
940987190120730625
940987190502404097
940987197632770049
940987223935242240
940987226049171458
940987227840155650
940987231778627585
940987246873858048
940987249562390529
940987250942402563
940987256634068992
940987287323791361
940987314540556288
940987343611318272
940987393183641600
940987432132112384
940987489774391296
940987492152561664
940987538763853824
940987546133258240
940987571412328449
940987601594601472
940987654023282693
940987678639771648
940987678681698306
940987683131789313
940987768729202690
940987770004279296
940987795576971264
940987807224549377
940987894583439360
940987912707018752
940988007687118854
940988016176369664
940988022643986432
940988041837121542
940988068135407617
940988075911544832
940988173060136961
940988209680568321
940988217008054273
940988230010359809
940988234347237377
940988266194628609
940988276260900866
940988293847580672
940988351225704449
940988433983528961
940988445534707712
940988459317153793
940988463595380736
940988473993060352
940988479089102848
940988664774930432
940988676623994881
940988693619335169
940988734857719808
940988785990471680
940988898091597826
940988906497105920
940988965162815488
940989053092204545
940989111686529024
940989131013967877
940989165197578240
940989218440048640
940989246730571777
940989256645914624
940989270554284032
940989270596247553
940989277487403008
940989338309013505
940989430915059718
940989440280887297
940989449965535232
940989458534371328
940989472157700102
940989482190426113
940989515459694594
940989570967113728
940989646577614848
940989667322880000
940989696892723201
940989754996416512
940989775158349824
940989779130376192
940989787313463296
940989787753844737
940989826760937472
940989871543418881
940989914820349954
940989976803729409
940990049713311744
940990093329879041
940990096043593728
940990098195320832
940990129249964033
940990173298528256
940990182555254787
940990240910651392
940990246833020928
940990252788969472
940990261466935301
940990264054661120
940990264591683586
940990269767454722
940990278349017089
940990289837219841
940990336305893377
940990354647584769
940990367045963780
940990386880819201
940990431982125057
940990473124106242
940990508377128960
940990563284934658
940990609313157125
940990684827406336
940990686987513856
940990696407928832
940990737528836096
940990757552476166
940990758773035009
940990823549808640
940990840440279041
940990894966300673
940990994941702147
940990995541438464
940991042299428864
940991046116368384
940991055545106437
940991060871974913
940991127645065216
940991195022585863
940991220406403073
940991223392866304
940991290317180928
940991347632242688
940991360471109632
940991446068465664
940991446865326080
940991559377571840
940991618861199362
940991631838281728
940991648628183040
940991658300182529
940991667817078785
940991673903079424
940991677564637185
940991697475002368
940991697672200193
940991713979633664
940991736821710849
940991791062544385
940991858607566850
940991861853913089
940991867629469696
940991885904175104
940991910520467457
940991938832031745
940992005362126848
940992121418502144
940992130629226501
940992239756566528
940992253513879552
940992299420528641
940992355892649985
940992364549722113
940992366508429312
940992432136523776
940992436968607744
940992439405309953
940992454534217729
940992476323573761
940992486180302853
940992512793116672
940992539636785153
940992602811326465
940992629671694337
940992668116639746
940992674483572736
940992776052801537
940992790187606016
940992883997409280
940992887583625217
940992925579833344
940993009004482561
940993024011718656
940993162385993730
940993207093153792
940993296280596480
940993299988598786
940993314203062275
940993350286659584
940993372193468417
940993434638323715
940993446793437186
940993450585018368
940993544197754881
940993567207641088
940993574820294658
940993582604931072
940993631472750593
940993758614708225
940993831201361920
940993941884850176
940993970024349698
940994000252735489
940994055927947264
940994058188619779
940994066338246656
940994068586422272
940994081907511296
940994084323450881
940994085090922496
940994094834298882
940994122923610117
940994160835756032
940994233493852160
941064811722559490
941064812368420865
941064822942203904
941064833927143426
941064837223862272
941064844865925120
941064854470881281
941064854999322632
941064971269672960
941065006963134464
941065037606801408
941065188421373954
941065210122637313
941065214677733376
941065237893206019
941065344545894403
941065426661933056
941065433582587904
941065505049337857
941065508463480833
941065582887268352
941065598615871489
941065804539236352
941065829692604417
941065901285236736
941065957346365449
941066125227552768
941066131007303680
941066145163030528
941066149269262336
941066154029801472
941066159834718208
941066166352703489
941066219209351171
941066267536093185
941066271571042305
941066469093335041
941066484046024704
941066799390568449
941066839597121536
941066845519532035
941066854319222785
941066861663457281
941066869938802688
941066944551243777
941066965199843328
941067009873383425
941067104584896512
941067109672607750
941067161547759618
941067169131040768
941067172260077569
941067480138747904
941067615191093250
941067633083940866
941067638817554433
941067661647187969
941067669951930369
941067928819998720
941067940572618753
941068024542572544
941068090133155840
941068142805159936
941068182797905921
941068270073008132
941068275915612165
941068278000209920
941068282416779264
941068287026360320
941068288494309377
941068299965812741
941068427237699588
941068454752333824
941068481449091077
941068492161388550
941068511941677061
941068530816036864
941068536537108482
941068550688661504
941068562227134465
941068573874761728
941068601997578245
941068622872670208
941068942252085250
941068993166757890
941069223736020992
941069231403290626
941069243835146240
941069247136006145
941069254467694592
941069254924828678
941069262076174338
941069406586785794
941069515194097669
941069565198524416
941069567597703169
941069652687511552
941069773399646210
941069861165453314
941069938021814273
941069951317704704
941070026416812032
941070147695017990
941070204171440135
941070204997722113
941070283011653632
941070291786137600
941070303303749635
941070313323888640
941070384421621761
941070386191634432
941070439064965121
941070483310743552
941070530991575041
941070574029287430
941070613476773888
941070614223257603
941070615058010112
941070625032024065
941070634163015681
941070643885428736
941070655084167168
941070678786273280
941070696935051265
941070712286187520
941070717004779520
941070747035951105
941070781647384578
941070802551746560
941070805231861761
941070825180094466
941070825557581826
941070856448602112
941070975709392897
941071042222743553
941071050468659200
941071059347963911
941071067745005568
941071118466764800
941071129502011392
941071138444193799
941071149240406016
941071154189684736
941071169217875970
941071225761214469
941071358586490883
941071500030959617
941071505693335553
941071514685886464
941071527251988480
941071591814979584
941071658542039045
941071698383777792
941071718545805314
941071718713577472
941073832974143490
941073834576297984
941073838275690496
941073838422544386
941073849675927552
941073892633993216
941073899349045248
941073948879523840
941073967833632768
941074046946566149
941074075195183104
941074109273968642
941074132627869696
941074287766769664
941074308444704768
941074449234911232
941074551923970049
941074578142613505
941074582538244106
941074608773615616
941074688834404353
941074818086170624
941074825757560834
941074830610268161
941074839955263488
941074843784699905
941074866069037057
941074877389463552
941074885702504448
941074888437256197
941074896980979714
941074971010502657
941075251932401667
941075417561292801
941075429640822785
941075431909941248
941075594770571264
941075751159386112
941075754661670913
941075758176403456
941075761804533760
941075765436801024
941075812027072517
941075840745590785
941075930914742278
941075986082353152
941075991715250176
941075999671967745
941076006206656512
941076014502903808
941076021918486528
941076158304739328
941076164713598976
941076226407575558
941076235165290497
941076244174602240
941076274818281473
941076284632952833
941076296460677120
941076305327529984
941076314512957440
941076323488825344
941076357714395136
941076469987598337
941076570898403328
941076571993137153
941076626275696641
941076640305766400
941076661214367745
941076683284676609
941076683330867200
941076687227359233
941076712007364608
941076746086092801
941076770308141065
941076798678462464
941076862909997056
941076920225161216
941076982191804416
941076988219088896
941076996385320961
941077017096802304
941077025443471361
941077103591743488
941077103931518976
941077104392916992
941077119421075461
941077165000491008
941077174215430150
941077192720646145
941077272764862464
941077330130362368
941077338422480897
941077344365744128
941077347591180291
941077360253825025
941077532258000897
941077643444801536
941077684263833600
941077691717115905
941077732594733056
941077827780317184
941077833522192384
941077839633293313
941077845782048768
941077851838619649
941077857580621824
941077881081466880
941077890703249408
941077980884979713
941078035897438208
941078254693339137
941078254705958912
941078260217151488
941078269490880512
941078344992477186
941078591172939776
941078602652835840
941078614401060866
941078616867246081
941078627726385152
941078638291750913
941078760723484673
941078895947853825
941078902713344001
941078936011919360
941078960087199746
941078973206925312
941078977317306368
941079110780104704
941079173791088642
941079190195134465
941079404301770752
941079550234189825
941079554038292480
941079605489946624
941079615292018688
941079617468862470
941079627195473925
941079627363176449
941079652239634433
941079664289878018
941079727619674112
941079867575201792
941079931542388736
941079937582120960
941079988194779137
941080023683026944
941080126648979456
941080209821970432
941080217098928128
941080222786637825
941080228880961536
941080234786525184
941080407411478528
941080483323977728
941080841136025602
941080865291071488
941080887042760704
941081213648941057
941081222528282625
941081234368802821
941081244871294976
941081255243862016
941081264089681920
941081282594951168
941081358583156736
941081406251393026
941081491278323712
941081572727500801
941081731787919361
941081804110516224
941081826747023360
941081828382904321
941081837589245952
941081862482534400
941081919940202496
941081962592079872
941081998956867586
941082007337078784
941082015679565824
941082023720046593
941082032171634689
941082105232150529
941082113431961600
941082123389333505
941082128191754240
941082135699578881
941082140082626560
941082293556383744
941082324346855424
941082333196832770
941082343149842432
941082352536707072
941082415463886849
941082442743648258
941082484686688256
941082767554736128
941082840514678784
941083012598501376
941083024103497728
941083037000970241
941083049642676229
941083089035554817
941083093133295616
941083101773656064
941083111063945216
941083135592292352
941083144236732416
941083158765821952
941083457052135424
941083547330367488
941083602997121024
941083612568522758
941083614376288256
941083787445854209
941083893737951233
941084045886271488
941084062625779712
941084089834094592
941084098394693632
941084110298103808
941084280234696704
941084390305669122
941084397633200128
941084398920839168
941084404457361410
941084411147243522
941084417228984320
941084476255465472
941084484996337666
941084603472928768
941084613140733952
941084694313136129
941084855898689538
941084939398930432
941084964187181057
941085092306477056
941085291485507585
941085395827200001
941085519139745793
941085745615396864
941085944089890816
941086003376386048
941086096150102017
941086099836870657
941086230581841920
941086430536880128
941086600175472640
941086855461818373
941086857475055617
941086877364473856
941086938408411136
941087114061590529
941087794893598720
941087864217128960
941088399091519489
941088446877175808
941088452921249792
941088454351425537
941088462396063746
941088485200613376
941088565106274304
941088680009183232
941088807310561280
941088827262808065
941088947182202880
941089081043439616
941089206054637569
941089211834425345
941089225038016512
941089230746472449
941089245669838848
941089258269478913
941089300623581185
941089633810739202
941089643331751936
941089652454363136
941089670624137218
941089751653896192
941089829235908608
941090095100243968
941090338906787841
941090374772240389
941090572969873408
941090628930334720
941090685264031744
941090749604679680
941090813781606400
941090883742642178
941090892265541634
941090901115527168
941090915405520896
941091121131765760
941091131885940736
941091143202123778
941091155181125633
941091163473289216
941091179042504704
941091187632488448
941091196692074496
941091211497967616
941091220553531392
941091293127725056
941091684695277568
941091776709955584
941092525326127107
941092707308654592
941092754716876800
941093059827240961
941093081390166016
941093293072506885
941093320431931392
941093335988568067
941093355680870400
941093921412845568
941093972310622208
941094263336644608
941094884546678785
941094960635482112
941095329331638273
941095346192764928
941095807977111553
941095817934282752
941095826536857600
941095835789488129
941095851715280896
941095963069952001
941096083303948289
941096381275664384
941096433981280261
941096491514580993
941096647123234816
941096665531994112
941096747983568896
941097086166192128
941097151928684544
941097241414193159
941097254584074240
941097293461311488
941097307658948614
941097319210078208
941097329305759744
941097342576545792
941097351720075267
941097377141805056
941097449581699072
941097562626457600
941097639378112512
941097639860408320
941097668436221952
941097751588294657
941097769774800897
941097861089054731
941097918349668357
941097948498333696
941098101061939201
941098329026506752
941098884020961291
941098895010091008
941098903931408385
941098910994632704
941098949066219520
941099011506884613
941099213567377408
941099318357954561
941099387769454592
941099400641892357
941099408153866241
941099422615818240
941099425878958080
941099432124338176
941099494472634368
941099580988510208
941099648743362560
941099656662183937
941099667118546945
941099677323325442
941099687880347648
941099690736734208
941099730117054464
941099742855131136
941099793744527363
941099802846224385
941099845128998912
941099852330659840
941099910757306369
941099962166923265
941100260352581637
941100483359526912
941100571880230912
941100719813390338
941100721432383490
941100918078038016
941101026064691200
941101113188782080
941101113520123904
941101129106182144
941101139138895872
941101147716276225
941101159623819264
941101298291826688
941110819844247554
941110842845749248
941110855634210816
941110947149643783
941111038510030849
941111045233545217
941111056100941824
941111063516508160
941111071900913664
941111162208440321
941111195171475457
941111383877472257
941111391712350208
941111757141135362
941111759187972096
941111771087155200
941111902658269184
941112432189198336
941112537650749441
941112577446293505
941112619297116160
941112671746838528
941112703275413504
941112834687225856
941112937225379840
941113122479329281
941113719051964416
941113752660799488
941113799448375297
941113884286640130
941114399695269888
941114810686672897
941114874440179713
941115017562378241
941115851209625602
941115920285683713
941116155120508928
941116345910943744
941116390643240965
941116482645356544
941116489138044929
941116494439763968
941116500697649152
941116506125094913
941116544662343681
941116761755275264
941116770567454720
941116774103298049
941116784077352960
941116790775586816
941116793640321024
941116799042641921
941116804361064450
941116813970206720
941116840033517568
941116991406006272
941117021097308160
941117030597500928
941117087358926848
941117187686846465
941117190434119683
941117197623201793
941117208972922880
941117209266573317
941117215272833026
941117220054360064
941117230485557248
941117237607436294
941117244867858432
941117255999459329
941117295367159809
941117310881890304
941117336563666945
941117401948741632
941117884373315585
941118135528251393
941118377027874816
941118441867698176
941118621996208128
941118691386720261
941119066529509376
941119124343873537
941119151468400640
941119470449328129
941119494713376770
941119563957227525
941119585213911041
941119602171498507
941119612002988032
941119612783157249
941119623457538048
941119631795908608
941119659037904896
941119672304459776
941119683171844097
941119692084793345
941119702088249344
941120021253836800
941120231241650177
941120912266493952
941120923154993152
941120932332097536
941120971490185216
941121060417576960
941121082848718849
941121112905306112
941121283470888960
941121355331842048
941121795905728514
941122027414573057
941122031214649345
941122034964291584
941122040832151553
941122044229574656
941122335117119488
941122687824474112
941122807936757760
941122825926205440
941122873938280449
941122908923023362
941122913641619456
941122921212375041
941122932801142784
941122947930116098
941123016829923328
941123098274869248
941123821855232000
941124054723031040
941124242925637632
941124536380084224
941124542558294016
941124545150406657
941124554327511040
941124565190799360
941124822687461376
941125127223304193
941125157812305920
941125218722045952
941125322170232832
941125550650871808
941125557458276357
941125637594476544
941125666409533440
941125878372847616
941125939706187777
941125960165937152
941126000833949696
941126133684334592
941126355437137920
941126790923374592
941126951825264642
941126955868581893
941126975195959297
941127198861398016
941127353870188544
941127514642055168
941127525899567105
941127603645186048
941127618400800768
941127629910003712
941127642065068032
941127813473751042
941137276498857984
941137524361187328
941137625498505216
941137635132755968
941137643433267200
941137654057488384
941137663691718656
941137671480594434
941137680557060097
941137773825871872
941137873482510338
941138006022508545
941138249103364096
941138276127297537
941138777958944768
941139105450164224
941139116120596480
941139440055083008
941139654274928640
941139840489357314
941139890108076032
941139944961118209
941139962291982336
941140037990678528
941140060862320641
941140062540005376
941140402605821953
941140553646911489
941140621250715648
941140989699387398
941141185225285633
941141488666374144
941141516231364608
941142280462917633
941142695237640193
941143023580319744
941143180057235457
941143222583218177
941143279550304257
941143315231145989
941143436765421568
941143511436611585
941143909282988032
941144140674252801
941144256772739072
941144276494413825
941144428294623233
941144507118211072
941144655294533632
941144658255794177
941144677662806016
941144678786895872
941144772634345472
941145114159779842
941145283936780288
941145373200052224
941145442850607105
941145662711877633
941145813908164608
941146105261281282
941146198056099841
941146380273373190
941146402654220288
941146681277665281
941146692031836161
941146717466046465
941146728908165120
941146739574272001
941146749405671424
941146770205216768
941146775137681409
941146778887446528
941146782993649664
941146807719071744
941146971854770176
941146981736632320
941146991005925377
941147056781000704
941147132488187904
941147145687719936
941147146967027712
941147213882970112
941147243817701376
941147833637449729
941147855712083968
941148117847683073
941148178656776193
941148232511557633
941148319119704064
941148358617464834
941148539190521856
941148612846936065
941148629640859648
941148703590633472
941148709324124160
941149113772597254
941149203203543040
941149247210221568
941149265283506176
941149276968816640
941149551779598336
941149560155590656
941149570565857280
941149607756738560
941149814477283330
941150089933918208
941150107638161414
941150193461989377
941150230002765829
941150581170765825
941150760393461761
941150801363431424
941150849035796481
941150926714408961
941151108596228096
941151303987814400
941151312309256193
941151569764118529
941151812215803904
941152069016260608
941152148351586306
941152174356168705
941152444028997634
941152521485250560
941152537826156544
941152540925874177
941152597850894336
941152604054319106
941152608500273153
941152610073169921
941152613260816384
941152616448450560
941152625940197377
941152759704903680
941152770232549376
941152813190561792
941152986918735872
941153047459266561
941153093995188224
941153131077029888
941153139381669888
941153141013254144
941153153914953728
941153153931759616
941153168917979136
941153289156120577
941153405157953536
941153895253970944
941153964770430982
941153969006575616
941153971749769217
941153981790871552
941153981941862405
941153992905805824
941153993367179264
941172927449399296
941173021884272640
941173049931583488
941173099571154944
941173262700220417
941173269050339328
941173406837477376
941173553961070592
941173561275944960
941173691999834113
941173779572641792
941174029200838656
941174048998002688
941174100323717120
941174313893486594
941174351805796353
941174431594008578
941174781864562688
941174900609486849
941174989759361030
941175017630523392
941175023909396481
941175203928911872
941175235079962625
941175323906985984
941175459387248640
941175486792830976
941175868688359425
941175923197534209
941175935344304128
941176030865379329
941176113090514946
941176382176014336
941176446608961541
941176453152083968
941176462907990016
941176555480539136
941176740000489472
941176758967132160
941176897945337857
941176956288208896
941176970389458944
941177067168763904
941177247330897920
941177304499269632
941177430089269248
941177515628007424
941177614965919744
941177936090148864
941178097600290816
941178139790790657
941178204336918528
941178262839013376
941178301531480065
941178367377903616
941178400416456705
941178519832399872
941178858090434560
941179008468873217
941179059685519360
941179316540444672
941179391085826055
941179424719941637
941179455816523776
941179740932706304
941179936496287744
941179950064914432
941179970851876865
941180463380606976
941180515184504833
941180980278300672
941180995906232325
941181221782085632
941181257467211776
941181542684090378
941181572371353600
941181584190902272
941181608840843264
941181622661107714
941181628705136640
941181668198703104
941181914307813376
941182134387175424
941182847670456320
941183071403028481
941183108187074560
941183171248484353
941183365746712576
941183439247638528
941183483455660034
941183607921659904
941183673126318080
941183705795710977
941183756676882432
941183820291821568
941183833021566976
941183855809179648
941183910716805120
941183941175803904
941184106678796288
941184107152777218
941184107161165824
941184107362603009
941184107387674624
941184107559526400
941184107832270848
941184108482269184
941184108595617792
941184108864053248
941184129969799168
941184132607967232
941184133249753089
941184133845327874
941184134080110593
941184134210240514
941184134470238208
941184135011246080
941184135325892608
941184135606951936
941184156435865601
941184158675566593
941184159636008961
941184160441315328
941184160927948800
941184160999211009
941184161192148992
941184161376739328
941184161653522432
941184164186828800
941184182671228929
941184185393221632
941184186135724032
941184186429272065
941184187167424513
941184187624595456
941184187649859585
941184188320948224
941184189419757568
941184200392130562
941184211607621632
941184211758673920
941184211943268354
941184212001886210
941184212249362432
941184213969022976
941184214707331072
941184214728241152
941184226883354625
941184236924448769
941184237926957056
941184238279319552
941184239680200705
941184239927570432
941184240477077505
941184241018093568
941184242402258944
941184242741940226
941184253265448960
941184254012284928
941184262350413824
941184264069980160
941184264460058624
941184265630367744
941184266653769728
941184267366776832
941184267442315264
941184267719077889
941184268121784321
941184279433719808
941184287591743489
941184289487462400
941184289655332865
941184292603826176
941184293010681857
941184306231197696
941184314770731008
941184314938605569
941184316712796160
941184316918308864
941184332021907456
941184557721759744
941184941223763968
941184946743513088
941185110757474304
941185345491681280
941185537972539392
941185648257585152
941185838712541184
941185889232998400
941185900976984064
941186253038456833
941186302464200704
941186363428392961
941186450342719488
941186460232962048
941186644606033920
941186644744454144
941186645394563072
941186645688172544
941186645939798018
941186645952421888
941186646292152320
941186646371745792
941186646749224961
941186647135105024
941186670665220096
941186671302684672
941186671395069952
941186673001369600
941186673072730112
941186673538301952
941186673768988672
941186674041614336
941186697462661120
941186697995227136
941186698045620224
941186698083418112
941186699429781504
941186703691202561
941186712624959488
941186737828753409
941186794485370880
941186851787874304
941186898864885760
941186913054183424
941187029794160640
941187031610294272
941187090141859841
941187123658366976
941187124400865280
941187127139762176
941187216625238016
941187263408562177
941187442048163840
941187753420738560
941187945918287873
941187985961299968
941188169483120640
941188312643129344
941188416573763584
941188477483405312
941188526837821440
941188610887507969
941188684321353728
941188917130416128
941189250569076736
941189503288520705
941189628408852480
941189692631941120
941189710017454081
941189719395889153
941189939085135873
941190117376577537
941190395232370688
941190488694181889
941190698514239489
941190781133643777
941190788838457349
941190902462197762
941190902982246401
941190963535413248
941191157836640257
941191666345676800
941191671089418240
941191732653326336
941191845907959810
941192216307027968
941192277808111616
941192381608624131
941192481806475264
941192806789459968
941192837416259585
941192959604731904
941193106552180736
941193159815680000
941193281920274433
941193632639520768
941193910256324609
941193948537737216
941194496443854848
941194695492952074
941194851336540160
941194900737019904
941194948409483264
941195043980836864
941195275183456256
941195542591430657
941195572484206592
941195721759485952
941196143677136896
941196170390622208
941196277726969856
941196380038721536
941196476272611328
941196679449063426
941196782922375168
941196807786455040
941196871619567616
941196889806041088
941197105120661505
941197172095307776
941197455676276736
941197594130296832
941197663780986881
