940948306489937920
940950159604756480
940950452207747073
940950540560797696
940950549809303553
940951483574620160
940952192428793856
940952590128435202
940952653970001920
940953522442506242
940953568927977473
940953925787766784
940954377942196224
940954514382827520
940955083373711360
940958221010919424
940958484878598145
940959650945687553
940960110750457856
940962091275636736
940962645032820737
940966692120866816
940966709091061761
940966713956413442
940967005557022721
940967178471342081
940967186541305857
940967524090355712
940968620196270080
940968954541068288
940969110741032960
940969118626435072
940969670630354945
940969837492391943
940970035639734273
940970244415385600
940970245291954176
940970247162662912
940970325050908674
940970326405668864
940970327840100352
940970357737082880
940970369074257922
940970466512113670
940970474540068865
940970499999457280
940970507670781957
940970561752190977
940970569943707648
940970615388950529
940970620438876161
940970647605469184
940970652181385216
940970657218727936
940970680065159170
940970863133896705
940970868074786818
940970869765103616
940970869979000833
940970891739004929
940970894154960896
940970900542967809
940970901255938054
940970932356681728
940970942209101826
940970949469523968
940970968406745088
940970989063680000
940970990057803776
940971011561934850
940971014086897665
940971056562626561
940971070139568128
940971081405485056
940971088577748995
940971090242953216
940971120639045632
940971124170678277
940971131867197440
940971149084815360
940971159260155905
940971171985620999
940971181976576000
940971219029053440
940971237005651968
940971276809768960
940971285533913088
940971301468016642
940971337518145537
940971348356149250
940971400906575872
940971406875136000
940971542808350720
940971553633816578
940971563804962816
940971593819451392
940971594796666880
940971617752109057
940971635179474946
940971643530305536
940971645723955200
940971655844761601
940971690649161729
940971693861953541
940971717257826305
940971781887848448
940971808303566848
940971873147473921
940971885961142272
940971910921375744
940971920408891392
940971937710395392
940971951870398464
940972019419578369
940972026084446208
940972058267308032
940972065120714752
940972113556594690
940972149954801666
940972216086355973
940972219814912000
940972224172974080
940972225498402816
940972258092347392
940972267122647040
940972295392301068
940972331480027136
940972331610013696
940972331802996742
940972332469891072
940972348064354304
940972358206218240
940972396672114689
940972411087933440
940972444957003776
940972620169785345
940972641636282369
940972643079086081
940972647202152448
940972650272313344
940972660003131394
940972777699532800
940972872348192773
940972885870628865
940972895110684672
940972919429021696
940972925812867072
940972942757900288
940972947703033858
940972968754188289
940972969983139840
940972980661825536
940973005978652674
940973010143600641
940973031001911297
940973042141974529
940973144042590209
940973156877074432
940973193078112259
940973290646069248
940973302062944256
940973369138270209
940973376532828160
940973380622274560
940973400876560384
940973439380283392
940973450499444745
940973456405028864
940973457407463425
940973458783178757
940973467243044864
940973481092624385
940973494640058374
940973495244161024
940973497454559233
940973504400384009
940973515066535936
940973517008355328
940973569726734337
940973604627468288
940973648688578560
940973704284164101
940973721191436288
940973747862949888
940973776812019712
940973791399829509
940973830109040640
940973873163636737
940973874644217856
940973890775416832
940973952586932224
940973990826381312
940974023177097216
940974035906809856
940974052130344960
940974057155170304
940974092529827842
940974113748934661
940974171697410048
940974237619245057
940974247287181313
940974285736247296
940974290471710725
940974327750635521
940974380506603525
940974431303864321
940974439440769024
940974448433422337
940974458327781377
940974465533562880
940974465932021763
940974480612036609
940974489403314176
940974489445240833
940974498525995008
940974538988322817
940974608613888002
940974624103309312
940974662992920576
940974674317594624
940974687810654208
940977055419850752
940977066874466306
940977127280824322
940977183362871296
940977194431647744
940977216166465543
940977218481786882
940977357388689408
940977365349490691
940977379182301184
940977380050571264
940977392704770048
940977408273940481
940977421385420801
940977425323823109
940977427102265344
940977444537774080
940977490687938560
940977491535122432
940977497033904128
940977500963950593
940977537747902464
940977551928782848
940977556727181312
940977566743257095
940977568622182400
940977622229618688
940977694023540737
940977694371713024
940977740009877504
940977750709604354
940977767314870273
940977773933408256
940977806980403200
940977819382841345
940977873917054976
940977881232093185
940977881802424320
940977882775609344
940977924123045888
940977924303458304
940977932419325953
940977948131082240
940977956276412416
940977965067677696
940977965160194048
940978083955380224
940978101114363905
940978105916837889
940978187684728832
940978193569378304
940978198153695232
940978215560138753
940978226783907840
940978236778934272
940978265174392833
940978292148011009
940978294203322368
940978299634946050
940978336746139648
940978433433235457
940978514827857925
940978524101505031
940978534847336454
940978540559978497
940978544066355200
940978550122909697
940978555839827968
940978560680030208
940978563695640577
940978566031990784
940978571534917635
940978672898662401
940978691634540544
940978724752773120
940978728347324418
940978819573473280
940978892193615879
940978919611752450
940978945410916352
940978954571337730
940978971528912896
940979014268805120
940979019885039617
940979031247347712
940979055159017472
940979136943845381
940979161493114880
940979210583248896
940979231386947584
940979240580931584
940979254724124672
940979306213335041
940979336483500032
940979349238505472
940979358742859779
940979359191633922
940979370776285184
940979471401791488
940979493287710721
940979517241389056
940979528465305602
940979554046431237
940979625345323009
940979751187034112
940979777917325312
940979784905035777
940979794833002496
940979802793742336
940979818518204417
940979823069073409
940979833709977601
940979838160179201
940979844606758912
940979858771009537
940979881743089664
940980003403108352
940980104594935808
940980169287880704
940980210425565184
940980213072252928
940980238401654789
940980238435127297
940980294714261504
940980315979440129
940980438029479937
940980448624283648
940980459420430336
940980467075112962
940980483353206785
940980483512561665
940980491565576192
940980494237360128
940980510066728960
940980519466094592
940980529238855681
940980532917211136
940980552324313088
940980570359828480
940980599824764928
940980721870622721
940980740061319169
940980757702602753
940980761783652353
940980772940537856
940980777491320832
940980811142086656
940980853357891586
940980888749379584
940980897830105089
940980949113888768
940980972773953536
940980983419080704
940980996073193472
940980996287102976
940981059159838721
940981069708431361
940981100091932673
940981121176801280
940981129020104704
940981146594226176
940981158040530945
940981187501314050
940981218732072961
940981220279771142
940981235135819776
940981243398754306
940981251166654464
940981265838329856
940981268254285829
940981269684543489
940981309861715970
940981322633400321
940981341545533440
940981343256707072
940981545451577345
940981601692987393
940981613969707008
940981732936953857
940981770807382018
940981791615279104
940981792085028864
940981804613369856
940981817880039425
940981825438183424
940981829846355968
940981834510487558
940981854466904070
940981861706293248
940981883831074817
940981886125592576
940981893087891456
940981921634488327
940981926516744193
940981952965988353
940981953016320001
940982050303234048
940982063439712257
940982100722888710
940982110638178304
940982139826397186
940982141348925440
940982208193552385
940982263721930752
940982277710012416
940982285205147649
940982307313324033
940982320500273152
940982343447273472
940982381992972288
940982387709743104
940982399248236545
940982399625826304
940982526142803968
940982553036689409
940982555121242112
940982561831972864
940982612943708162
940982667444719622
940982706950803457
940982753553764352
940982774256857088
940982822692585472
940982825985114117
940982833727922176
940982871640231936
940982955870228480
940983007619502080
940983038372171776
940983051722428416
940983061344161797
940983116986048512
940983146148958208
940983146715209728
940986083470446592
940986171949121536
940986347170476032
940987683131789313
940989482190426113
940991042299428864
940991060871974913
940991673903079424
940991736821710849
940991791062544385
940991910520467457
940992674483572736
940993372193468417
940994160835756032
941065505049337857
941066125227552768
941066145163030528
941066149269262336
941066159834718208
941066166352703489
941068481449091077
941068492161388550
941069223736020992
941069231403290626
941069247136006145
941069254467694592
941069262076174338
941071042222743553
941071050468659200
941071059347963911
941071067745005568
941074046946566149
941076164713598976
941077643444801536
941077827780317184
941077881081466880
941097562626457600
941097639378112512
941097639860408320
941097668436221952
941097751588294657
941097769774800897
941097861089054731
941097918349668357
941097948498333696
941098101061939201
941098329026506752
941098884020961291
941098895010091008
941098903931408385
941098910994632704
941098949066219520
941099011506884613
941099213567377408
941099318357954561
941099387769454592
941099400641892357
941099408153866241
941099422615818240
941099425878958080
941099432124338176
941099494472634368
941099580988510208
941099648743362560
941099656662183937
941099667118546945
941099677323325442
941099687880347648
941099690736734208
941099730117054464
941099742855131136
941099793744527363
941099802846224385
941099845128998912
941099852330659840
941099910757306369
941099962166923265
941100260352581637
941100483359526912
941100571880230912
941100719813390338
941100721432383490
941100918078038016
941101026064691200
941101113188782080
941101113520123904
941101129106182144
941101139138895872
941101147716276225
941101159623819264
941101298291826688
941110819844247554
941110842845749248
941110855634210816
941110947149643783
941111038510030849
941111045233545217
941111056100941824
941111063516508160
941111071900913664
941111162208440321
941111195171475457
941111383877472257
941111391712350208
941111757141135362
941111759187972096
941111771087155200
941111902658269184
941112432189198336
941112537650749441
941112577446293505
941112619297116160
941112671746838528
941112703275413504
941112834687225856
941112937225379840
941113122479329281
941113719051964416
941113752660799488
941113799448375297
941113884286640130
941114399695269888
941114810686672897
941114874440179713
941115017562378241
941115851209625602
941115920285683713
941116155120508928
941116345910943744
941116390643240965
941116482645356544
941116489138044929
941116494439763968
941116500697649152
941116506125094913
941116544662343681
941116761755275264
941116770567454720
941116774103298049
941116784077352960
941116790775586816
941116793640321024
941116799042641921
941116804361064450
941116813970206720
941116840033517568
941116991406006272
941117021097308160
941117030597500928
941117087358926848
941117187686846465
941117190434119683
941117197623201793
941117208972922880
941117209266573317
941117215272833026
941117220054360064
941117230485557248
941117237607436294
941117244867858432
941117255999459329
941117295367159809
941117310881890304
941117336563666945
941117401948741632
941117884373315585
941118135528251393
941118377027874816
941118441867698176
941118621996208128
941118691386720261
941119066529509376
941119124343873537
941119151468400640
941119470449328129
941119494713376770
941119563957227525
941119585213911041
941119602171498507
941119612002988032
941119612783157249
941119623457538048
941119631795908608
941119659037904896
941119672304459776
941119683171844097
941119692084793345
941119702088249344
941120021253836800
941120231241650177
941120912266493952
941120923154993152
941120932332097536
941120971490185216
941121060417576960
941121082848718849
941121112905306112
941121283470888960
941121355331842048
941121795905728514
941122027414573057
941122031214649345
941122034964291584
941122040832151553
941122044229574656
941122335117119488
941122687824474112
941122807936757760
941122825926205440
941122873938280449
941122908923023362
941122913641619456
941122921212375041
941122932801142784
941122947930116098
941123016829923328
941123098274869248
941123821855232000
941124054723031040
941124242925637632
941124536380084224
941124542558294016
941124545150406657
941124554327511040
941124565190799360
941124822687461376
941125127223304193
941125157812305920
941125218722045952
941125322170232832
941125550650871808
941125557458276357
941125637594476544
941125666409533440
941125878372847616
941125939706187777
941125960165937152
941126000833949696
941126133684334592
941126355437137920
941126790923374592
941126951825264642
941126955868581893
941126975195959297
941127198861398016
941127353870188544
941127514642055168
941127525899567105
941127603645186048
941127618400800768
941127629910003712
941127642065068032
941127813473751042
941137276498857984
941137524361187328
941137625498505216
941137635132755968
941137643433267200
941137654057488384
941137663691718656
941137671480594434
941137680557060097
941137773825871872
941137873482510338
941138006022508545
941138249103364096
941138276127297537
941138777958944768
941139105450164224
941139116120596480
941139440055083008
941139654274928640
941139840489357314
941139890108076032
941139944961118209
941139962291982336
941140037990678528
941140060862320641
941140062540005376
941140402605821953
941140553646911489
941140621250715648
941140989699387398
941141185225285633
941141488666374144
941141516231364608
941142280462917633
941142695237640193
941143023580319744
941143180057235457
941143222583218177
941143279550304257
941143315231145989
941143436765421568
941143511436611585
941143909282988032
941144140674252801
941144256772739072
941144276494413825
941144428294623233
941144507118211072
941144655294533632
941144658255794177
941144677662806016
941144678786895872
941144772634345472
941145114159779842
941145283936780288
941145373200052224
941145442850607105
941145662711877633
941145813908164608
941146105261281282
941146198056099841
941146380273373190
941146402654220288
941146681277665281
941146692031836161
941146717466046465
941146728908165120
941146739574272001
941146749405671424
941146770205216768
941146775137681409
941146778887446528
941146782993649664
941146807719071744
941146971854770176
941146981736632320
941146991005925377
941147056781000704
941147132488187904
941147145687719936
941147146967027712
941147213882970112
941147243817701376
941147833637449729
941147855712083968
941148117847683073
941148178656776193
941148232511557633
941148319119704064
941148358617464834
941148539190521856
941148612846936065
941148629640859648
941148703590633472
941148709324124160
941149113772597254
941149203203543040
941149247210221568
941149265283506176
941149276968816640
941149551779598336
941149560155590656
941149570565857280
941149607756738560
941149814477283330
941150089933918208
941150107638161414
941150193461989377
941150230002765829
941150581170765825
941150760393461761
941150801363431424
941150849035796481
941150926714408961
941151108596228096
941151303987814400
941151312309256193
941151569764118529
941151812215803904
941152069016260608
941152148351586306
941152174356168705
941152444028997634
941152521485250560
941152537826156544
941152540925874177
941152597850894336
941152604054319106
941152608500273153
941152610073169921
941152613260816384
941152616448450560
941152625940197377
941152759704903680
941152770232549376
941152813190561792
941152986918735872
941153047459266561
941153093995188224
941153131077029888
941153139381669888
941153141013254144
941153153914953728
941153153931759616
941153168917979136
941153289156120577
941153405157953536
941153895253970944
941153964770430982
941153969006575616
941153971749769217
941153981790871552
941153981941862405
941153992905805824
941153993367179264
941172927449399296
941173021884272640
941173049931583488
941173099571154944
941173262700220417
941173269050339328
941173406837477376
941173553961070592
941173561275944960
941173691999834113
941173779572641792
941174029200838656
941174048998002688
941174100323717120
941174313893486594
941174351805796353
941174431594008578
941174781864562688
941174900609486849
941174989759361030
941175017630523392
941175023909396481
941175203928911872
941175235079962625
941175323906985984
941175459387248640
941175486792830976
941175868688359425
941175923197534209
941175935344304128
941176030865379329
941176113090514946
941176382176014336
941176446608961541
941176453152083968
941176462907990016
941176555480539136
941176740000489472
941176758967132160
941176897945337857
941176956288208896
941176970389458944
941177067168763904
941177247330897920
941177304499269632
941177430089269248
941177515628007424
941177614965919744
941177936090148864
941178097600290816
941178139790790657
941178204336918528
941178262839013376
941178301531480065
941178367377903616
941178400416456705
941178519832399872
941178858090434560
941179008468873217
941179059685519360
941179316540444672
941179391085826055
941179424719941637
941179455816523776
941179740932706304
941179936496287744
941179950064914432
941179970851876865
941180463380606976
941180515184504833
941180980278300672
941180995906232325
941181221782085632
941181257467211776
941181542684090378
941181572371353600
941181584190902272
941181608840843264
941181622661107714
941181628705136640
941181668198703104
941181914307813376
941182134387175424
941182847670456320
941183071403028481
941183108187074560
941183171248484353
941183365746712576
941183439247638528
941183483455660034
941183607921659904
941183673126318080
941183705795710977
941183756676882432
941183820291821568
941183833021566976
941183855809179648
941183910716805120
941183941175803904
941184106678796288
941184107152777218
941184107161165824
941184107362603009
941184107387674624
941184107559526400
941184107832270848
941184108482269184
941184108595617792
941184108864053248
941184129969799168
941184132607967232
941184133249753089
941184133845327874
941184134080110593
941184134210240514
941184134470238208
941184135011246080
941184135325892608
941184135606951936
941184156435865601
941184158675566593
941184159636008961
941184160441315328
941184160927948800
941184160999211009
941184161192148992
941184161376739328
941184161653522432
941184164186828800
941184182671228929
941184185393221632
941184186135724032
941184186429272065
941184187167424513
941184187624595456
941184187649859585
941184188320948224
941184189419757568
941184200392130562
941184211607621632
941184211758673920
941184211943268354
941184212001886210
941184212249362432
941184213969022976
941184214707331072
941184214728241152
941184226883354625
941184236924448769
941184237926957056
941184238279319552
941184239680200705
941184239927570432
941184240477077505
941184241018093568
941184242402258944
941184242741940226
941184253265448960
941184254012284928
941184262350413824
941184264069980160
941184264460058624
941184265630367744
941184266653769728
941184267366776832
941184267442315264
941184267719077889
941184268121784321
941184279433719808
941184287591743489
941184289487462400
941184289655332865
941184292603826176
941184293010681857
941184306231197696
941184314770731008
941184314938605569
941184316712796160
941184316918308864
941184332021907456
941184557721759744
941184941223763968
941184946743513088
941185110757474304
941185345491681280
941185537972539392
941185648257585152
941185838712541184
941185889232998400
941185900976984064
941186253038456833
941186302464200704
941186363428392961
941186450342719488
941186460232962048
941186644606033920
941186644744454144
941186645394563072
941186645688172544
941186645939798018
941186645952421888
941186646292152320
941186646371745792
941186646749224961
941186647135105024
941186670665220096
941186671302684672
941186671395069952
941186673001369600
941186673072730112
941186673538301952
941186673768988672
941186674041614336
941186697462661120
941186697995227136
941186698045620224
941186698083418112
941186699429781504
941186703691202561
941186712624959488
941186737828753409
941186794485370880
941186851787874304
941186898864885760
941186913054183424
941187029794160640
941187031610294272
941187090141859841
941187123658366976
941187124400865280
941187127139762176
941187216625238016
941187263408562177
941187442048163840
941187753420738560
941187945918287873
941187985961299968
941188169483120640
941188312643129344
941188416573763584
941188477483405312
941188526837821440
941188610887507969
941188684321353728
941188917130416128
941189250569076736
941189503288520705
941189628408852480
941189692631941120
941189710017454081
941189719395889153
941189939085135873
941190117376577537
941190395232370688
941190488694181889
941190698514239489
941190781133643777
941190788838457349
941190902462197762
941190902982246401
941190963535413248
941191157836640257
941191666345676800
941191671089418240
941191732653326336
941191845907959810
941192216307027968
941192277808111616
941192381608624131
941192481806475264
941192806789459968
941192837416259585
941192959604731904
941193106552180736
941193159815680000
941193281920274433
941193632639520768
941193910256324609
941193948537737216
941194496443854848
941194695492952074
941194851336540160
941194900737019904
941194948409483264
941195043980836864
941195275183456256
941195542591430657
941195572484206592
941195721759485952
941196143677136896
941196170390622208
941196277726969856
941196380038721536
941196476272611328
941196679449063426
941196782922375168
941196807786455040
941196871619567616
941196889806041088
941197105120661505
941197172095307776
941197455676276736
941197594130296832
941197663780986881
941198027582255105
941198052722991105
941198148332113920
941198278959554561
941198807852900352
941199104637587456
941199218823389184
941199621342351360
941199795552772096
941199988276846593
941200050415394819
941200392410591232
941200862801743872
941200876508721154
941201080213491712
941201291103166464
941201377426132992
941201456685830144
941202092059971584
941202285228711936
941202369081159681
941202857398882304
941202887203581952
941202905562042368
941203084600111105
941203606644121601
941203617872261120
941203942414979072
941204123059355649
941204237131894784
941204272049459201
941204480955158528
941204669526872064
941204695380611073
941204927208095745
941205136466235392
941205392817836032
941205472345980928
941205652655009793
941205738533376000
941205746636742661
941206220039446528
941206357176389634
941206494321790977
941206817484496896
941206951387697152
941207011508834304
941207422168915968
941207664733949952
941207686812786688
941207704424632320
941208040753246208
941208406463057920
941208412603461637
941208966977277952
941209096564420608
941209170291896322
941209454208520192
941209654499176449
941210368466092032
941210385033646080
941210553720213505
941210557654425600
941210617284825089
941210836256690176
941210878128488448
941211044894081024
941211166826786817
941211177694187520
941211367180259328
941211367683645442
941211469764493312
941211500466921472
941211557677142016
941211867388801024
941212032417837056
941212166203551744
941212979118399488
941213259704799233
941213328558391296
941213466009980928
941213555264753664
941213642112069635
941213709673910272
941213938934575104
941213995977101312
941214053162213377
941214087186472960
941214428820901894
941214478284312576
941214554725539840
941214560379396096
941214652414943232
941214817808994304
941215020855250945
941215125364670464
941215275608834048
941215302305673218
941215760587874304
941215867064471552
941216119469297664
941216217129476096
941216272922107904
941216321982869504
941216347874263040
941216441281531904
941216517215129600
941216621183557633
941216959881973760
941216996263432193
941217017696346112
941217152975155200
941217478209953792
941217519083417600
941217750348910592
941217761086394370
941217894196801537
941217970063396864
941218152213549056
941218155455746048
941218181464645632
941218301061009409
941218372997537792
941218690934214656
941218750036107264
941218856823066624
941219084737400834
941219306989346816
941219435137982465
941219629745213440
941220542148902912
941220610864230400
941220662827503616
941220677234970624
941220741231665153
941220751188922368
941220827491635200
941221052411244545
941221075408621568
941221413368877056
941221674149646336
941221850549571584
941221973232939009
941222107203203073
941222122566967296
941222348694458368
941222364066480129
941222563522449408
941222571466424321
941222573018361856
941222656447320064
941222736130699264
941222752555585538
941222787687112704
941222926573031424
941223134899982336
941223221415772160
941223253623926785
941223456821121024
941223514547376129
941223660572086272
941223740616056832
941223828562350081
941224094447611904
941224100449673217
941224120397828096
941224133815357440
941224179306770433
941224194922164225
941224211712040961
941224244066881536
941224338392526848
941224478129950721
941224797199044608
941224999662292992
941225058453917696
941225062040031232
941225313991880705
941225326025330693
941225338658545669
941225752330145792
941225777353326592
941225898484883456
941226055469293568
941226065107746816
941226156963106817
941226467140227073
941226485809106944
941226549486997504
941226559645634561
941226627765325824
941226773089521664
941226800679661569
941227093827997696
941227124475809792
941227315203330048
941227405783511040
941227426075545600
941227527682560000
941227655936045057
941227798789853184
941227903563522048
941228072040386560
941228325531471872
941228496881373184
941228498370297857
941228521648803840
941228627827544064
941228703924801536
941228845868470273
941228973446529024
941229005637857280
941229165348564992
941229225977270272
941229305488650240
941229430877380614
941229609890217985
941229900102557698
941230055132459008
941230112485335040
941230146044022786
941230305511387136
941230330639511552
941230702288408576
941230718675546112
941230801647296513
941231096393592833
941231130384240640
941231149963272192
941231214953943041
941231360181751808
941231389097291776
941231483750109185
941231654798069760
941231688369221632
941231725505417216
941231740546363392
941231875292651521
941231952346173441
941232047573684226
941232072068403201
941232172647763968
941232261982310400
941232409760206848
941232544812544005
941232800497324032
941232801868894208
941232809594753024
941233035982311425
941233078856552449
941233145474682884
941233505933189120
941233548371136512
941233574254129152
941233722795397120
941233870766256128
941233932602834945
941234057907789825
941234122458107904
941234184043008000
941234194071552000
941234288321859584
941234336120168448
941234414410969088
941234424842215424
941234443792068608
941234662344740864
941234734704857088
941234746801172480
941234807358545920
941234823795965952
941234976275787777
941235103971155968
941235171659014144
941235331176820736
941235349812121600
941236117080301568
941236157177720832
941236269786521600
941236857228193793
941236893957656577
941236933350625280
941236994071580672
941237342349742080
941237382443040768
941237388369469440
941237489041334272
941237503817904128
941237687121477632
941237740133371905
941237818264834048
941237861847879680
941237895310008320
941238009214783488
941238035097837568
941238041653506048
941238138651004928
941238143210217472
941238222792818689
941238256380891137
941238285283799040
941238316342628353
941238463713640448
941238467752878081
941238467757068288
941238467761143808
941238467836694528
941238467899547648
941238516398379009
941238521167253504
941238695373561856
941238759412129792
941238847995826176
941238863913259008
941238923631742976
941238923635851264
941238923694665729
941238923740831745
941238924260888576
941238924294443008
941239319716614144
941239332681240576
941239339060776960
941239464474697728
941239485395857411
941239627511488512
941239644116660224
941239707991773184
941239989811208192
941240062414639104
941240064595582976
941240188461813760
941240207315226624
941240207344656384
941240207390789634
941240207394967552
941240207449485312
941240207449513985
941240229914083328
941240705225248769
941240729883631617
941240750804799488
941240782597558272
941241100026765312
941241115855990784
941241286794907648
941241350086975489
941241581486649346
941241581507575808
941241581524471810
941241581549613056
941241581650268160
941241581725773824
941241581729910785
941241581734113280
941241581759287296
941241581998432256
941241582199681024
941241909971996674
941241922064183297
941242291565531137
941242423426142208
941242486072250373
941242657954828288
941242942907396096
941242989686509569
941243053511270400
941243326526885890
941243349100621824
941243415735435264
941243439429181440
941243501215436800
941243888425209856
941243985691111424
941244063382155264
941244092037652480
941244227085852672
941244250544594949
941244272581447680
941244332182528000
941244342349516800
941244435161075712
941244479645855744
941244481722028032
941244608847187968
941244660583976961
941244862690668544
941244863244374016
941245088952438784
941245113489125377
941245198201511936
941245708434395136
941245729783402496
941245871366328320
941245886579068928
941245976832020480
941246153777139712
941246201550266368
941246207980179456
941246227294892033
941246263869214721
941246424834019328
941246453292437509
941246499715010561
941246508271271936
941246860383092737
941246955883253761
941246970173296641
941247059658792960
941247272175751168
941247362135191552
941247430468816896
941247438786088960
941247448198074368
941247457324863488
941247600384200705
941247651315580928
941248016782184449
941248051137654784
941248150219689984
941248206633136129
941248267991552000
941248338162257920
941248436808159232
941248436934004736
941248688759955456
941248801465077760
941248928237916160
941248948475482112
941249223156293632
941249530623873026
941249554485334016
941249648529993728
941249681870458880
941249783775334400
941250039707553792
941250047496392704
941250068484681728
941250180967469056
941250244607651840
941250272508203009
941250281647599616
941250311779430401
941250648238166016
941250703166713858
941250774364979201
941250828538654720
941250909480374272
941251113646477312
941251332761059329
941251398276124672
941251470216908800
941251518564577280
941251559735877632
941251634067369985
941251655143690240
941252066953039874
941252138575040512
941252142677061632
941252219437043712
941252242778312705
941252412932837376
941252602586681344
941252703090610177
941252921357930497
941253241261748224
941253480198688768
941253504072650752
941253554534273024
941253743856766977
941253933615538178
941254004083961856
941254289401483264
941254300373790720
941254305629294592
941254375443435520
941254522827100160
941254936909803520
941255055197589504
941255095110467584
941255103411113984
941255349096648704
941255392553816064
941255538742046720
941255580307648513
941255668828463104
941255825275965440
941255829155491840
941256207595171841
941256252390301702
941256343348043776
941256387304284161
941256624513183749
941256887324102656
941256992752103426
941257212143591424
941257246398349313
941257287678775301
941257305995214848
941257762272661504
941257762792669184
941257818358861824
941257951754452993
941258023921770497
941258159175462912
941258667386638336
941258672218492930
941258718225846272
941258847573995520
941258952083496960
941259199295688707
941259395555610624
941259627118948353
941259795880923137
941259865732808704
941259880152944640
941260189092732928
941260439681470464
941260462808805376
941260541544288256
941260613191380992
941260667071365120
941260732057964544
941261016494673920
941261022224113664
941261107066523648
941261217498361856
941261371081097216
941261598009720832
941261686354432006
941261706851995648
941261710916308992
941261734815391744
941261766222319617
941261888163401728
941262044149501952
941262289499512832
941262928061304833
941263012513701888
941263217820565507
941263331335262208
941263393004118016
941263425115688960
941263996459593728
941264272553840641
941264396667453440
941264425796870144
941264505149018117
941264533397626880
941264551202476032
941264652171927552
941264828534067201
941264943386636288
941264962286182401
941265019676823552
941265206658961408
941265261952405504
941265537128194048
941265655596240896
941265714027094016
941265754435047425
941265760336392194
941265865672151040
941265980176633857
941266178575601665
941266439700406272
941266650430664705
941266824427196416
941266837999890433
941266981008887808
941266989611397120
941266990034976768
941267368625389568
941267424791408640
941267429929488384
941267457985142785
941267795404312577
941267800160702465
941267838521704448
941267876325023745
941268039718391808
941268257637531649
941268382275526656
941268573070163969
941268753328766976
941268897650696193
941268917552590848
941268919695937540
941268998854979584
941269000822063104
941269135023067136
941269179587612674
941269494609170433
941269500917370888
941269742790369280
941269749039759360
941269814714224640
941269893156089856
941269899913162752
941269909509754880
941269943852634113
941270028711813122
941270366122541056
941270407080022016
941270417657954304
941270508431081473
941270563582038016
941270584155131904
941270616514158592
941270717924077569
941270824207704064
941270867887173632
941270891836706816
941271048179322885
941271201774743552
941271248683888640
941271367458095105
941271415990480898
941271418406305792
941271677069119490
941272203936575488
941272267388018688
941272277978681346
941272482862043137
941272638437117953
941272746637582338
941272792707862528
941272908458061825
941272955128074240
941273386721927168
941273426882416640
941273553709780992
941273775424901120
941273870748790785
941273876633440256
941274014420492288
941274049539399680
941274205022294016
941274217370345473
941274273817288705
941326568483418112
941326788772487170
941326925397745664
941327010265288704
941327042179665920
941327068570243074
941327071896330240
941327123620474880
941327139621793792
941327304206290950
941327304608927751
941327392550907904
941327392886403072
941327400918450176
941327408514371584
941327451350761472
941327452441317376
941327605386698753
941327632259518464
941327761423167488
941328018080968704
941328077598216193
941328114726162433
941328182757789696
941328428137107457
941328672866422785
941328683347955714
941328786452287488
941328867184259073
941329304297902080
941329308563501057
941329325168758786
941329346924564480
941329450649686016
941329489291894785
941329854338871296
941330079270961152
941330120341622784
941330402538639360
941330781439488003
941330874875990018
941330903976071175
941331141545603072
941331207924707329
941331253915086848
941331347326558208
941331403618291713
941331437416058880
941331564142657537
941331638818131968
941331709534011398
941331836147511296
941331838630612992
941331964925304832
941332069875101697
941332131028054017
941332274406215681
941332444644601858
941332498189045765
941332598965657600
941332732021477377
941332757090852866
941332782403465216
941332931104079872
941333188751843328
941333236017455105
941333762440355840
941333781344079872
941333946343870464
941334123955851265
941334221267832834
941334875063439365
941334896378773505
941334915014160384
941334954839085056
941335313317842946
941335409379954690
941335792353456129
941335975917248512
941336069143957505
941336313269227530
941336497160146944
941336657860677632
941336777624866816
941336873028464641
941337317473693697
941337343302275072
941337377976528897
941337785310629889
941337960183713797
941338041339301888
941338164547018752
941338521234755589
941338544706080769
941338851729125379
941338888999788545
941338966967676928
941339193682419713
941339277761409024
941339541176233984
941339566107189248
